0 0.2647248  0.002278844 0.002278844 0.002278844 0.002278844 0.002278844
0 0.5302932  0.003716581 0           0           0           0
0 1.326194   1.312850    0.01316686  0           0           0
0 2.652511   2.650914    0.02512784  0           0           0
0 5.305083   0           5.169992    0.05297020  0           0
0 8.306311   0           8.268396    0.3966767   0           0
0 17.73896   0           0           17.00367    4.608679    0
0 161.5862   0           0           161.5039    132.0141    135.3256
0 4291.734   0           0           0           4290.383    4186.635
0 13158880.0 13158880.0  13158880.0  13158880.0  13158880.0  13158880.0
