0 0.8386672 0.5735703 0.5735703 0.5735703 0.5735703 0.5735703
0 1.764573  0.9191471 0         0         0         0
0 4.420138  4.406660  3.093848  0         0         0
0 8.840677  8.839064  5.878684  0         0         0
0 17.68140  0         17.54495  12.37624  0         0
0 26.52211  0         26.48381  18.25496  0         0
0 48.17039  0         0         47.42767  34.90748  0
0 97.19882  0         0         97.11570  70.31864  70.67300
0 194.4886  0         0         0         193.1240  141.0833
0 972.4720  972.4720  972.4720  972.4720  972.4621  972.3107
